326
132
152
127
132
538
39
111
263
161
176
486
354
51
82
43
45
130
411
105
122
0
1432
124
339
8
37
216
5
54
0
31
551
190
94
535
32
94
4
43
1664
143
3
107
10
3
3
4
5
3
2
3
2
2
33
116
96
466
306
17
192
223
44
84
208
283
11
594
9
158
462
230
78
47
100
106
2
165
43
76
8
50
103
284
58
52
1258
38
110
353
63
11
550
97
415
120
3
75
10
11
52
0
2
93
76
19
20
47
433
3
54
89
0
99
16
37
3
0
188
10
327
114
624
2
814
34
15
585
217
2
10
34
36
216
131
183
2
26
2
3
2
7
7
3
6
3
2
2
2
5
14
8
4
2
6
2
2
3
2
7
2
2
2
8
3
2
3
22
197
35
308
194
5
94
187
26
108
238
93
175
88
11
120
0
284
22
167
373
1703
375
184
14
2
61
200
217
193
121
30
151
284
225


